51 0.5958
52 0.5235
53 0.3428
54 0.4651
55 0.5903
56 0.5339
57 0.4660
58 1.0035
59 1.0007
60 0.8021
61 0.8876
62 0.9526
63 0.5989
64 0.6576
65 0.5909
66 0.4525
67 0.3635
68 0.3353
69 0.4387
70 0.4796
71 0.4039
72 0.4611
73 1.1266
74 1.9428
75 1.4850
76 1.0880
77 0.9014
78 0.6345
79 0.5676
80 0.4952
81 0.4318
82 0.3101
83 0.4069
84 0.3614
85 0.2127
86 0.6134
87 0.7652
88 0.7645
89 0.6426
90 0.5365
91 0.4301
92 0.5784
93 0.5249
94 0.4175
95 0.5111
96 0.5094
97 0.4620
98 0.5501
99 0.5882
100 0.6270
101 0.5829
102 0.5370
103 0.5610
104 0.4496
105 0.4632
106 0.4549
107 0.4419
108 0.3892
109 0.3805
110 0.3397
111 0.4222
112 0.4654
113 0.4345
114 0.5626
115 0.5925
116 0.7502
117 0.7325
118 0.6248
119 0.4858
120 0.4149
121 0.4630
122 0.3383
123 0.2392
124 0.1794
125 0.2520
126 0.2470
127 0.2502
128 0.3816
129 0.4225
130 0.3614
131 0.4166
132 0.4280
133 0.4656
134 0.3348
135 0.5012
136 0.5884
137 0.4461
138 0.6282
139 0.9895
140 0.7521
141 0.8728
142 0.9924
143 0.7199
144 0.7178
145 0.5413
146 0.4857
147 0.7601
148 0.7077
149 0.5511
150 0.7822
151 0.9043
152 0.9906
153 0.7194
154 0.5186
155 0.3927
156 0.3952
157 0.3876
158 0.3575
159 0.2922
160 0.3030
161 0.3222
162 0.1461
163 0.0481
164 0.0948
165 0.0527
166 0.0444
167 0.0658
168 0.0847
169 0.0691
170 -0.0227
171 0.3043
172 0.1692
173 0.2997
174 0.5077
175 0.5331
176 0.5347
177 0.5654
178 0.5371
179 0.3231
180 0.3039
181 0.2755
182 0.3308
183 0.4531
184 0.2906
185 0.4180
186 0.6623
187 0.8877
188 0.7726
189 0.6909
190 0.6833
191 0.3164
192 0.3575
193 0.6611
194 0.3730
195 0.3564
196 0.3413
197 0.4853
198 0.3898
199 0.4613
200 0.4209
201 0.4666
202 0.3647
203 0.7845
204 0.9712
205 1.2991
206 1.5197
207 2.5262
208 1.4505
209 1.3476
210 1.1618
211 0.9548
212 0.9175
213 0.9937
214 0.7457
215 0.5897
216 0.6279
217 0.5538
218 0.3346
219 0.3438
220 0.4844
221 0.3541
222 0.4278
223 0.4904
224 0.5526
225 0.4127
226 0.4811
227 0.3712
228 0.5700
229 0.4791
230 0.5474
231 0.5065
232 0.4749
233 0.5871
234 1.1675
235 1.6206
236 1.4606
237 1.5492
238 0.8782
239 0.5355
240 1.0488
241 1.0369
242 1.5330
243 2.0765
244 2.2925
245 1.7667
246 0.8915
247 0.9429
248 0.7400
249 0.5538
250 0.4962
251 0.4275
252 0.6909
253 0.5290
254 0.4085
255 0.4149
256 0.5611
257 0.4423
258 0.4321
259 0.5234
260 0.5949
261 0.5659
262 0.6295
263 0.7654
264 0.9978
265 1.0970
266 1.4533
267 1.3932
268 1.0891
269 1.3276
270 1.3822
271 0.9788
272 0.7879
273 0.7498
274 0.8234
275 1.0674
276 1.1687
277 1.4755
278 0.8986
279 1.0162
280 0.6106
281 0.6436
282 0.7422
283 0.6345
284 0.6374
285 0.5759
286 0.6077
287 0.5634
288 0.6836
289 0.6209
